1 2
3 4
5 4
3 5
6 5
3 6
6 4
7 1
8 9
10 11
12 13
14 1
15 1
16 17
18 19
20 21
19 22
23 24
25 23
26 16
27 28
29 30
31 32
8 33
7 15
1 34
25 35
25 11
19 36
37 38
39 4
40 41
42 1
43 44
23 28
25 28
45 28
46 47
48 49
23 31
50 51
25 52
25 31
53 41
25 32
29 54
55 47
7 2
25 56
5 57
58 59
40 53
29 41
53 29
60 61
25 62
18 22
63 64
53 30
59 65
66 46
41 30
67 49
6 57
23 32
58 65
68 28
66 47
55 69
19 70
56 31
71 28
10 23
25 44
7 14
40 29
10 25
23 11
25 72
73 1
14 2
40 30
66 55
10 56
9 33
56 23
50 74
75 16
76 23
77 23
78 79
80 8
56 11
57 4
28 65
58 28
59 28
3 57
12 81
50 82
29 47
83 84
55 46
22 70
85 50
86 25
18 36
15 2
31 11
81 13
26 17
10 32
56 32
54 47
87 88
45 27
89 28
56 90
7 42
77 76
91 31
23 92
30 54
43 93
94 19
35 95
31 92
10 31
32 11
18 70
84 96
16 19
8 97
54 46
29 46
39 5
31 28
28 11
98 23
28 32
71 68
48 67
71 27
6 39
51 74
85 51
82 51
3 39
27 68
56 92
99 1
23 72
85 74
100 101
66 54
102 50
32 92
103 104
66 69
7 34
1 105
53 54
10 92
106 36
71 65
87 107
108 47
3 1
16 109
1 110
111 16
71 59
88 107
72 32
40 54
69 47
71 58
10 28
41 54
56 28
112 113
114 115
73 2
116 117
118 5
19 109
108 46
16 119
44 23
120 1
66 29
121 27
71 122
25 84
1 123
27 65
25 92
23 124
1 125
72 28
55 54
25 126
118 4
82 74
127 128
59 27
11 92
58 27
85 82
71 45
42 34
66 108
42 14
129 1
42 2
25 91
34 2
56 91
97 1
130 109
14 34
131 4
131 3
114 132
72 11
121 28
118 3
133 134
79 116
36 22
53 25
135 136
113 55
25 137
132 115
114 138
139 140
80 141
8 1
112 69
113 69
16 142
143 144
29 55
19 130
72 31
59 68
58 68
145 1
44 93
23 146
25 4
87 147
42 15
5 148
25 43
79 117
68 65
25 1
25 95
149 150
19 151
152 106
153 47
7 73
112 55
69 46
25 5
115 138
14 15
154 23
8 155
53 23
6 148
156 101
157 47
16 130
30 47
3 158
30 46
19 84
23 4
159 160
159 161
160 161
3 148
162 160
118 6
163 4
159 162
162 161
127 25
164 44
165 143
25 148
131 5
165 144
137 28
132 138
80 137
